[30.99; 31.01] 	[0.09; 0.11] 	[0.7831; 0.8031] 	[1.189; 1.209] 	[1.476; 1.496] 		[5.583e-322; 4.827e-317]
[0.09; 0.11] 	[39.4; 39.42] 	[1.189; 1.209] 	        [1.476; 1.496] 	[1.699; 1.719] 		[1.482e-323; 5.583e-322]
[0.7831; 0.803] [1.189; 1.209] 	[40.08; 40.1] 	        [1.699; 1.719] 	[1.882; 1.902] 		[5.731e-322; 6.324e-322]
[1.189; 1.209] 	[1.476; 1.496] 	[1.699; 1.719] 	        [32.4; 32.42] 	[2.036; 2.056] 		[2.122e-314; 1.165e-317]
[1.476; 1.496] 	[1.699; 1.719] 	[1.882; 1.902] 	        [2.036; 2.056] 	[23.42; 23.44] 		[nan; 6.952e-310]
s= 77.46;	 rad= 0.536;
s= 89.09;	 rad= 0.5382;
s= 98.59;	 rad= 0.5401;
s= 106.6;	 rad= 0.5416;
s= 1221;	 rad= 0.7555;
