[99.08404710, 99.08424710] 	 [-0.74157098, -0.74137098] 	 [-0.80939743, -0.80919743] 	 [-0.04122001, -0.04102001] 	 [-0.85690250, -0.85670250] 	 [-1.05902427, -1.05882427] 	 [-0.37951550, -0.37931550] 	  	B[0.0088, 0.0090] 
[-0.94157098, -0.94137098] 	 [99.09082974, 99.09102974] 	 [-0.74157098, -0.74137098] 	 [-0.80939743, -0.80919743] 	 [-0.04122001, -0.04102001] 	 [-0.85690250, -0.85670250] 	 [-1.05902427, -1.05882427] 	  	B[1.6876, 1.6878] 
[-1.00939743, -1.00919743] 	 [-0.94157098, -0.94137098] 	 [99.01401200, 99.01421200] 	 [-0.74157098, -0.74137098] 	 [-0.80939743, -0.80919743] 	 [-0.04122001, -0.04102001] 	 [-0.85690250, -0.85670250] 	  	B[1.8148, 1.8150] 
[-0.24122001, -0.24102001] 	 [-1.00939743, -1.00919743] 	 [-0.94157098, -0.94137098] 	 [98.92421975, 98.92441975] 	 [-0.74157098, -0.74137098] 	 [-0.80939743, -0.80919743] 	 [-0.04122001, -0.04102001] 	  	B[0.2734, 0.2736] 
[-0.65690250, -0.65670250] 	 [-0.24122001, -0.24102001] 	 [-1.00939743, -1.00919743] 	 [-0.94157098, -0.94137098] 	 [98.90400757, 98.90420757] 	 [-0.74157098, -0.74137098] 	 [-0.80939743, -0.80919743] 	  	B[-1.5195, -1.5193] 
[-0.85902427, -0.85882427] 	 [-0.65690250, -0.65670250] 	 [-0.24122001, -0.24102001] 	 [-1.00939743, -1.00919743] 	 [-0.94157098, -0.94137098] 	 [98.97195845, 98.97215845] 	 [-0.74157098, -0.74137098] 	  	B[-1.9154, -1.9152] 
[-0.17951550, -0.17931550] 	 [-0.85902427, -0.85882427] 	 [-0.65690250, -0.65670250] 	 [-0.24122001, -0.24102001] 	 [-1.00939743, -1.00919743] 	 [-0.94157098, -0.94137098] 	 [99.06559866, 99.06579866] 	  	B[-0.5504, -0.5502] 

1
[-99.10104197, -99.09918735] 	 [1.66162847, 1.66206199] 	 [1.79806818, 1.79850283] 	 [0.25093277, 0.25135015] 	 [1.49152706, 1.49196000] 	 [1.89920297, 1.89964032] 	 [0.52781984, 0.52824224] 	  	B[-0.0014, -0.0012] 
[-0.00020390, 0.00020390] 	 [99.07941011, 99.07961555] 	 [-0.75396108, -0.75375544] 	 [-0.81078744, -0.81058418] 	 [-0.05237942, -0.05217405] 	 [-0.87095907, -0.87075307] 	 [-1.06333704, -1.06313313] 	  	B[1.6877, 1.6879] 
[-0.00020418, 0.00020418] 	 [-0.95381323, -0.95360758] 	 [99.00072938, 99.00093523] 	 [-0.74306113, -0.74285765] 	 [-0.82136071, -0.82115513] 	 [-0.05628915, -0.05608294] 	 [-0.86152593, -0.86132181] 	  	B[1.8148, 1.8150] 
[-0.00020100, 0.00020100] 	 [-1.01232303, -1.01211980] 	 [-0.94474521, -0.94454177] 	 [98.92386362, 98.92406472] 	 [-0.74442992, -0.74422675] 	 [-0.81299858, -0.81279479] 	 [-0.04232491, -0.04212318] 	  	B[0.2734, 0.2736] 
[-0.00020272, 0.00020272] 	 [-0.24918711, -0.24898257] 	 [-1.01804159, -1.01783684] 	 [-0.94254076, -0.94233837] 	 [98.89622201, 98.89642650] 	 [-0.75137779, -0.75117269] 	 [-0.81240631, -0.81220328] 	  	B[-1.5194, -1.5192] 
[-0.00020356, 0.00020356] 	 [-0.66732098, -0.66711580] 	 [-0.25252388, -0.25231850] 	 [-1.01066559, -1.01046257] 	 [-0.95175207, -0.95154695] 	 [98.95913420, 98.95933994] 	 [-0.74550566, -0.74530200] 	  	B[-1.9154, -1.9152] 
[-0.00020074, 0.00020075] 	 [-0.86120151, -0.86099847] 	 [-0.65926475, -0.65906151] 	 [-0.24148505, -0.24128413] 	 [-1.01152505, -1.01132207] 	 [-0.94425096, -0.94404737] 	 [99.06477638, 99.06497792] 	  	B[-0.5504, -0.5502] 

2
[-99.10104197, -99.09918735] 	 [1.66162847, 1.66206199] 	 [1.79806818, 1.79850283] 	 [0.25093277, 0.25135015] 	 [1.49152706, 1.49196000] 	 [1.89920297, 1.89964032] 	 [0.52781984, 0.52824224] 	  	B[-0.0014, -0.0012] 
[-0.00021152, 0.00021151] 	 [-99.09652505, -99.09462243] 	 [1.68667758, 1.68712127] 	 [1.80238185, 1.80282199] 	 [0.26993540, 0.27036253] 	 [1.51785703, 1.51830004] 	 [1.90789196, 1.90833520] 	  	B[-1.6888, -1.6886] 
[-0.00020616, 0.00020616] 	 [-0.00020970, 0.00020970] 	 [98.98898049, 98.98919200] 	 [-0.75564038, -0.75543111] 	 [-0.82291409, -0.82270508] 	 [-0.06778861, -0.06757680] 	 [-0.87582853, -0.87561823] 	  	B[1.8311, 1.8313] 
[-0.00020310, 0.00020310] 	 [-0.00020753, 0.00020754] 	 [-0.95721480, -0.95700556] 	 [98.91051272, 98.91071978] 	 [-0.74607858, -0.74587180] 	 [-0.82520345, -0.82499391] 	 [-0.05750488, -0.05729681] 	  	B[0.2906, 0.2908] 
[-0.00020325, 0.00020325] 	 [-0.00020560, 0.00020560] 	 [-1.02111105, -1.02090293] 	 [-0.94582716, -0.94562123] 	 [98.89581616, 98.89602184] 	 [-0.75438208, -0.75417367] 	 [-0.81614293, -0.81593600] 	  	B[-1.5152, -1.5150] 
[-0.00020495, 0.00020495] 	 [-0.00020802, 0.00020802] 	 [-0.26074382, -0.26053371] 	 [-1.01946648, -1.01925858] 	 [-0.95283887, -0.95263124] 	 [98.95108877, 98.95129918] 	 [-0.75551226, -0.75530335] 	  	B[-1.9040, -1.9038] 
[-0.00020253, 0.00020254] 	 [-0.00020670, 0.00020670] 	 [-0.66987287, -0.66966430] 	 [-0.25284291, -0.25263652] 	 [-1.01292760, -1.01272149] 	 [-0.95463387, -0.95442501] 	 [99.05186251, 99.05206990] 	  	B[-0.5357, -0.5355] 

3
[-99.10104197, -99.09918735] 	 [1.66162847, 1.66206199] 	 [1.79806818, 1.79850283] 	 [0.25093277, 0.25135015] 	 [1.49152706, 1.49196000] 	 [1.89920297, 1.89964032] 	 [0.52781984, 0.52824224] 	  	B[-0.0014, -0.0012] 
[-0.00021152, 0.00021151] 	 [-99.09652505, -99.09462243] 	 [1.68667758, 1.68712127] 	 [1.80238185, 1.80282199] 	 [0.26993540, 0.27036253] 	 [1.51785703, 1.51830004] 	 [1.90789196, 1.90833520] 	  	B[-1.6888, -1.6886] 
[-0.00021211, 0.00021211] 	 [-0.00021575, 0.00021575] 	 [-99.00256016, -99.00061390] 	 [1.69730000, 1.69774855] 	 [1.82582600, 1.82627576] 	 [0.30574886, 0.30618515] 	 [1.53453861, 1.53498678] 	  	B[-1.8525, -1.8523] 
[-0.00020511, 0.00020511] 	 [-0.00020957, 0.00020957] 	 [-0.00021341, 0.00021342] 	 [98.89865146, 98.89886428] 	 [-0.75888647, -0.75867372] 	 [-0.82701149, -0.82679840] 	 [-0.06916030, -0.06894653] 	  	B[0.3084, 0.3086] 
[-0.00020538, 0.00020538] 	 [-0.00020777, 0.00020778] 	 [-0.00021256, 0.00021256] 	 [-0.95848018, -0.95826830] 	 [98.88215332, 98.88236516] 	 [-0.75631081, -0.75609864] 	 [-0.82857638, -0.82836355] 	  	B[-1.4962, -1.4960] 
[-0.00020550, 0.00020550] 	 [-0.00020857, 0.00020858] 	 [-0.00021125, 0.00021125] 	 [-1.02269748, -1.02248609] 	 [-0.95632774, -0.95611640] 	 [98.95059624, 98.95080795] 	 [-0.75868719, -0.75847484] 	  	B[-1.8992, -1.8990] 
[-0.00020394, 0.00020394] 	 [-0.00020813, 0.00020813] 	 [-0.00021148, 0.00021148] 	 [-0.26114359, -0.26093240] 	 [-1.02189075, -1.02167962] 	 [-0.95589917, -0.95568769] 	 [99.04370587, 99.04391801] 	  	B[-0.5233, -0.5231] 

4
[-99.10104197, -99.09918735] 	 [1.66162847, 1.66206199] 	 [1.79806818, 1.79850283] 	 [0.25093277, 0.25135015] 	 [1.49152706, 1.49196000] 	 [1.89920297, 1.89964032] 	 [0.52781984, 0.52824224] 	  	B[-0.0014, -0.0012] 
[-0.00021152, 0.00021151] 	 [-99.09652505, -99.09462243] 	 [1.68667758, 1.68712127] 	 [1.80238185, 1.80282199] 	 [0.26993540, 0.27036253] 	 [1.51785703, 1.51830004] 	 [1.90789196, 1.90833520] 	  	B[-1.6888, -1.6886] 
[-0.00021211, 0.00021211] 	 [-0.00021575, 0.00021575] 	 [-99.00256016, -99.00061390] 	 [1.69730000, 1.69774855] 	 [1.82582600, 1.82627576] 	 [0.30574886, 0.30618515] 	 [1.53453861, 1.53498678] 	  	B[-1.8525, -1.8523] 
[-0.00020974, 0.00020974] 	 [-0.00021427, 0.00021427] 	 [-0.00021820, 0.00021820] 	 [-98.91000643, -98.90805770] 	 [1.70400675, 1.70445992] 	 [1.83976483, 1.84021904] 	 [0.31435154, 0.31478801] 	  	B[-0.3441, -0.3439] 
[-0.00020737, 0.00020737] 	 [-0.00020981, 0.00020981] 	 [-0.00021463, 0.00021463] 	 [-0.00021606, 0.00021606] 	 [98.87021716, 98.87043484] 	 [-0.76923490, -0.76901667] 	 [-0.83043681, -0.83022041] 	  	B[-1.4930, -1.4928] 
[-0.00020762, 0.00020762] 	 [-0.00021074, 0.00021074] 	 [-0.00021345, 0.00021346] 	 [-0.00021585, 0.00021585] 	 [-0.96906361, -0.96884623] 	 [98.93680626, 98.93702423] 	 [-0.76067227, -0.76045614] 	  	B[-1.8958, -1.8956] 
[-0.00020449, 0.00020449] 	 [-0.00020869, 0.00020869] 	 [-0.00021205, 0.00021205] 	 [-0.00021234, 0.00021234] 	 [-1.02514284, -1.02492819] 	 [-0.95942042, -0.95920521] 	 [99.04319897, 99.04341241] 	  	B[-0.5224, -0.5222] 

5
[-99.10104197, -99.09918735] 	 [1.66162847, 1.66206199] 	 [1.79806818, 1.79850283] 	 [0.25093277, 0.25135015] 	 [1.49152706, 1.49196000] 	 [1.89920297, 1.89964032] 	 [0.52781984, 0.52824224] 	  	B[-0.0014, -0.0012] 
[-0.00021152, 0.00021151] 	 [-99.09652505, -99.09462243] 	 [1.68667758, 1.68712127] 	 [1.80238185, 1.80282199] 	 [0.26993540, 0.27036253] 	 [1.51785703, 1.51830004] 	 [1.90789196, 1.90833520] 	  	B[-1.6888, -1.6886] 
[-0.00021211, 0.00021211] 	 [-0.00021575, 0.00021575] 	 [-99.00256016, -99.00061390] 	 [1.69730000, 1.69774855] 	 [1.82582600, 1.82627576] 	 [0.30574886, 0.30618515] 	 [1.53453861, 1.53498678] 	  	B[-1.8525, -1.8523] 
[-0.00020974, 0.00020974] 	 [-0.00021427, 0.00021427] 	 [-0.00021820, 0.00021820] 	 [-98.91000643, -98.90805770] 	 [1.70400675, 1.70445992] 	 [1.83976483, 1.84021904] 	 [0.31435154, 0.31478801] 	  	B[-0.3441, -0.3439] 
[-0.00021151, 0.00021151] 	 [-0.00021402, 0.00021402] 	 [-0.00021890, 0.00021890] 	 [-0.00022036, 0.00022036] 	 [-98.88138172, -98.87939229] 	 [1.72838052, 1.72884296] 	 [1.84928600, 1.84974511] 	  	B[1.4687, 1.4689] 
[-0.00020966, 0.00020966] 	 [-0.00021280, 0.00021280] 	 [-0.00021556, 0.00021556] 	 [-0.00021797, 0.00021797] 	 [-0.00022171, 0.00022171] 	 [98.92456461, 98.92478864] 	 [-0.77380629, -0.77358395] 	  	B[-1.9103, -1.9101] 
[-0.00020664, 0.00020664] 	 [-0.00021086, 0.00021086] 	 [-0.00021428, 0.00021428] 	 [-0.00021458, 0.00021458] 	 [-0.00021922, 0.00021922] 	 [-0.97237048, -0.97214906] 	 [99.02930488, 99.02952470] 	  	B[-0.5378, -0.5376] 

6
[-99.10104197, -99.09918735] 	 [1.66162847, 1.66206199] 	 [1.79806818, 1.79850283] 	 [0.25093277, 0.25135015] 	 [1.49152706, 1.49196000] 	 [1.89920297, 1.89964032] 	 [0.52781984, 0.52824224] 	  	B[-0.0014, -0.0012] 
[-0.00021152, 0.00021151] 	 [-99.09652505, -99.09462243] 	 [1.68667758, 1.68712127] 	 [1.80238185, 1.80282199] 	 [0.26993540, 0.27036253] 	 [1.51785703, 1.51830004] 	 [1.90789196, 1.90833520] 	  	B[-1.6888, -1.6886] 
[-0.00021211, 0.00021211] 	 [-0.00021575, 0.00021575] 	 [-99.00256016, -99.00061390] 	 [1.69730000, 1.69774855] 	 [1.82582600, 1.82627576] 	 [0.30574886, 0.30618515] 	 [1.53453861, 1.53498678] 	  	B[-1.8525, -1.8523] 
[-0.00020974, 0.00020974] 	 [-0.00021427, 0.00021427] 	 [-0.00021820, 0.00021820] 	 [-98.91000643, -98.90805770] 	 [1.70400675, 1.70445992] 	 [1.83976483, 1.84021904] 	 [0.31435154, 0.31478801] 	  	B[-0.3441, -0.3439] 
[-0.00021151, 0.00021151] 	 [-0.00021402, 0.00021402] 	 [-0.00021890, 0.00021890] 	 [-0.00022036, 0.00022036] 	 [-98.88138172, -98.87939229] 	 [1.72838052, 1.72884296] 	 [1.84928600, 1.84974511] 	  	B[1.4687, 1.4689] 
[-0.00021168, 0.00021168] 	 [-0.00021487, 0.00021486] 	 [-0.00021766, 0.00021766] 	 [-0.00022007, 0.00022007] 	 [-0.00022385, 0.00022385] 	 [-98.93047003, -98.92843864] 	 [1.74666647, 1.74713337] 	  	B[1.9047, 1.9049] 
[-0.00020869, 0.00020869] 	 [-0.00021294, 0.00021294] 	 [-0.00021638, 0.00021638] 	 [-0.00021671, 0.00021671] 	 [-0.00022139, 0.00022139] 	 [-0.00022585, 0.00022585] 	 [99.01691554, 99.01714152] 	  	B[-0.5565, -0.5563] 

7
[-99.10104197, -99.09918735] 	 [1.66162847, 1.66206199] 	 [1.79806818, 1.79850283] 	 [0.25093277, 0.25135015] 	 [1.49152706, 1.49196000] 	 [1.89920297, 1.89964032] 	 [0.52781984, 0.52824224] 	  	B[-0.0014, -0.0012] 
[-0.00021152, 0.00021151] 	 [-99.09652505, -99.09462243] 	 [1.68667758, 1.68712127] 	 [1.80238185, 1.80282199] 	 [0.26993540, 0.27036253] 	 [1.51785703, 1.51830004] 	 [1.90789196, 1.90833520] 	  	B[-1.6888, -1.6886] 
[-0.00021211, 0.00021211] 	 [-0.00021575, 0.00021575] 	 [-99.00256016, -99.00061390] 	 [1.69730000, 1.69774855] 	 [1.82582600, 1.82627576] 	 [0.30574886, 0.30618515] 	 [1.53453861, 1.53498678] 	  	B[-1.8525, -1.8523] 
[-0.00020974, 0.00020974] 	 [-0.00021427, 0.00021427] 	 [-0.00021820, 0.00021820] 	 [-98.91000643, -98.90805770] 	 [1.70400675, 1.70445992] 	 [1.83976483, 1.84021904] 	 [0.31435154, 0.31478801] 	  	B[-0.3441, -0.3439] 
[-0.00021151, 0.00021151] 	 [-0.00021402, 0.00021402] 	 [-0.00021890, 0.00021890] 	 [-0.00022036, 0.00022036] 	 [-98.88138172, -98.87939229] 	 [1.72838052, 1.72884296] 	 [1.84928600, 1.84974511] 	  	B[1.4687, 1.4689] 
[-0.00021168, 0.00021168] 	 [-0.00021487, 0.00021486] 	 [-0.00021766, 0.00021766] 	 [-0.00022007, 0.00022007] 	 [-0.00022385, 0.00022385] 	 [-98.93047003, -98.92843864] 	 [1.74666647, 1.74713337] 	  	B[1.9047, 1.9049] 
[-0.00020869, 0.00020869] 	 [-0.00021295, 0.00021294] 	 [-0.00021639, 0.00021639] 	 [-0.00021671, 0.00021671] 	 [-0.00022139, 0.00022139] 	 [-0.00022586, 0.00022585] 	 [-99.01804543, -99.01601163] 	  	B[0.5563, 0.5565] 

X[0.0000050770, 0.0000079210]	 r[-0.000255, 0.000255] 
X[0.0169568897, 0.0169602298]	 r[-0.000280, 0.000280] 
X[0.0183288626, 0.0183321418]	 r[-0.000277, 0.000277] 
X[0.0028352976, 0.0028379927]	 r[-0.000247, 0.000247] 
X[-0.0152992669, -0.0152962043]	 r[-0.000266, 0.000266] 
X[-0.0193550931, -0.0193520160]	 r[-0.000267, 0.000267] 
X[-0.0056207136, -0.0056182255]	 r[-0.000237, 0.000237] 
