[31.07414710, 31.09414710] 	 [-0.75147098, -0.73147098] 	 [-0.81929743, -0.79929743] 	 [-0.05112001, -0.03112001] 	 [0.84680250, 0.86680250] 	 [1.04892427, 1.06892427] 	 [0.36941550, 0.38941550] 	  	B[0.0343, 0.0543] 
[0.93147098, 0.95147098] 	 [31.08092974, 31.10092974] 	 [-0.75147098, -0.73147098] 	 [-0.81929743, -0.79929743] 	 [-0.05112001, -0.03112001] 	 [0.84680250, 0.86680250] 	 [1.04892427, 1.06892427] 	  	B[8.4285, 8.4485] 
[0.99929743, 1.01929743] 	 [0.93147098, 0.95147098] 	 [31.00411200, 31.02411200] 	 [-0.75147098, -0.73147098] 	 [-0.81929743, -0.79929743] 	 [-0.05112001, -0.03112001] 	 [0.84680250, 0.86680250] 	  	B[9.0645, 9.0845] 
[0.23112001, 0.25112001] 	 [0.99929743, 1.01929743] 	 [0.93147098, 0.95147098] 	 [30.91431975, 30.93431975] 	 [-0.75147098, -0.73147098] 	 [-0.81929743, -0.79929743] 	 [-0.05112001, -0.03112001] 	  	B[1.3574, 1.3774] 
[-0.66680250, -0.64680250] 	 [0.23112001, 0.25112001] 	 [0.99929743, 1.01929743] 	 [0.93147098, 0.95147098] 	 [30.89410757, 30.91410757] 	 [-0.75147098, -0.73147098] 	 [-0.81929743, -0.79929743] 	  	B[-7.6069, -7.5869] 
[-0.86892427, -0.84892427] 	 [-0.66680250, -0.64680250] 	 [0.23112001, 0.25112001] 	 [0.99929743, 1.01929743] 	 [0.93147098, 0.95147098] 	 [30.96205845, 30.98205845] 	 [-0.75147098, -0.73147098] 	  	B[-9.5866, -9.5666] 
[-0.18941550, -0.16941550] 	 [-0.86892427, -0.84892427] 	 [-0.66680250, -0.64680250] 	 [0.23112001, 0.25112001] 	 [0.99929743, 1.01929743] 	 [0.93147098, 0.95147098] 	 [31.05569866, 31.07569866] 	  	B[-2.7616, -2.7416] 

31.0741 , 31.0941
[0.99935679, 1.00064362] 	 [-0.02418316, -0.02352439] 	 [-0.02636589, -0.02570572] 	 [-0.00164510, -0.00100083] 	 [0.02723350, 0.02789465] 	 [0.03373382, 0.03439915] 	 [0.01188055, 0.01253182] 	  	B[0.0011, 0.0017] 
[-0.02061239, 0.02059913] 	 [31.10284203, 31.12393932] 	 [-0.72752685, -0.70638461] 	 [-0.81836518, -0.79773216] 	 [-0.07766096, -0.05648722] 	 [0.81407270, 0.83538042] 	 [1.03700062, 1.05785789] 	  	B[8.4269, 8.4475] 
[-0.02065604, 0.02064276] 	 [0.95497885, 0.97612081] 	 [31.02979966, 31.05098668] 	 [-0.75047086, -0.72979414] 	 [-0.84773037, -0.82651179] 	 [-0.08618297, -0.06483012] 	 [0.83402885, 0.85493029] 	  	B[9.0627, 9.0834] 
[-0.02016163, 0.02014866] 	 [1.00473439, 1.02537030] 	 [0.93741209, 0.95809199] 	 [30.91455106, 30.93473287] 	 [-0.75847589, -0.73776519] 	 [-0.82793574, -0.80709399] 	 [-0.05426700, -0.03386584] 	  	B[1.3569, 1.3771] 
[-0.02041603, 0.02042917] 	 [0.21499462, 0.23590437] 	 [0.98171659, 1.00267090] 	 [0.93037403, 0.95082364] 	 [30.91172227, 30.93270780] 	 [-0.72965187, -0.70853355] 	 [-0.81161306, -0.79094118] 	  	B[-7.6062, -7.5857] 
[-0.02054603, 0.02055926] 	 [-0.68781583, -0.66677292] 	 [0.20821005, 0.22929780] 	 [0.99786796, 1.01844780] 	 [0.95459017, 0.97570932] 	 [30.99069591, 31.01194871] 	 [-0.74138530, -0.72058179] 	  	B[-9.5857, -9.5651] 
[-0.02010897, 0.02012191] 	 [-0.87350494, -0.85290967] 	 [-0.67179660, -0.65115744] 	 [0.23080840, 0.25095045] 	 [1.00391120, 1.02458111] 	 [0.93718602, 0.95798672] 	 [31.05771141, 31.07807238] 	  	B[-2.7614, -2.7413] 

31.1028 , 31.1239
[0.99935679, 1.00064362] 	 [-0.02418316, -0.02352439] 	 [-0.02636589, -0.02570572] 	 [-0.00164510, -0.00100083] 	 [0.02723350, 0.02789465] 	 [0.03373382, 0.03439915] 	 [0.01188055, 0.01253182] 	  	B[0.0011, 0.0017] 
[-0.00066272, 0.00066229] 	 [0.99932215, 1.00067831] 	 [-0.02339101, -0.02269586] 	 [-0.02631159, -0.02563082] 	 [-0.00249691, -0.00181491] 	 [0.02615584, 0.02685865] 	 [0.03331842, 0.03401162] 	  	B[0.2708, 0.2716] 
[-0.02130252, 0.02128965] 	 [-0.02180407, 0.02178929] 	 [31.05147373, 31.07381913] 	 [-0.72599396, -0.70411085] 	 [-0.84599717, -0.82407451] 	 [-0.11240026, -0.08980840] 	 [0.80082940, 0.82311190] 	  	B[8.7976, 8.8248] 
[-0.02084072, 0.02082819] 	 [-0.02133143, 0.02131697] 	 [0.96021540, 0.98207643] 	 [30.94030323, 30.96171199] 	 [-0.75665238, -0.73520494] 	 [-0.85547581, -0.83337366] 	 [-0.08914150, -0.06734201] 	  	B[1.0784, 1.1051] 
[-0.02057227, 0.02058551] 	 [-0.02106977, 0.02105549] 	 [0.98659608, 1.00818894] 	 [0.93588452, 0.95703066] 	 [30.91211247, 30.93329683] 	 [-0.73598794, -0.71415691] 	 [-0.81963655, -0.79810446] 	  	B[-7.6702, -7.6439] 
[-0.02100186, 0.02101479] 	 [-0.02149487, 0.02150945] 	 [0.19212134, 0.21416481] 	 [0.97977043, 1.00135786] 	 [0.95287275, 0.97449919] 	 [31.00813591, 31.03042251] 	 [-0.71916948, -0.69718806] 	  	B[-9.4051, -9.3783] 
[-0.02068786, 0.02070043] 	 [-0.02117341, 0.02118777] 	 [-0.69222876, -0.67051496] 	 [0.20782510, 0.22908968] 	 [1.00173014, 1.02303315] 	 [0.95949458, 0.98144788] 	 [31.08612902, 31.10778169] 	  	B[-2.5305, -2.5041] 

31.0515 , 31.0738
[0.99935679, 1.00064362] 	 [-0.02418316, -0.02352439] 	 [-0.02636589, -0.02570572] 	 [-0.00164510, -0.00100083] 	 [0.02723350, 0.02789465] 	 [0.03373382, 0.03439915] 	 [0.01188055, 0.01253182] 	  	B[0.0011, 0.0017] 
[-0.00066272, 0.00066229] 	 [0.99932215, 1.00067831] 	 [-0.02339101, -0.02269586] 	 [-0.02631159, -0.02563082] 	 [-0.00249691, -0.00181491] 	 [0.02615584, 0.02685865] 	 [0.03331842, 0.03401162] 	  	B[0.2708, 0.2716] 
[-0.00068604, 0.00068562] 	 [-0.00070219, 0.00070172] 	 [0.99928089, 1.00071962] 	 [-0.02338034, -0.02265930] 	 [-0.02724499, -0.02651990] 	 [-0.00361980, -0.00289016] 	 [0.02577184, 0.02650798] 	  	B[0.2831, 0.2842] 
[-0.02151406, 0.02150193] 	 [-0.02202057, 0.02200658] 	 [-0.02256776, 0.02255153] 	 [30.96206104, 30.98467327] 	 [-0.73118757, -0.70844827] 	 [-0.85270063, -0.82981873] 	 [-0.11517436, -0.09208852] 	  	B[0.7993, 0.8332] 
[-0.02126350, 0.02127716] 	 [-0.02177723, 0.02176343] 	 [-0.02231839, 0.02230234] 	 [0.95824009, 0.98060246] 	 [30.93827689, 30.96076493] 	 [-0.73313652, -0.71050746] 	 [-0.84636160, -0.82353086] 	  	B[-7.9568, -7.9232] 
[-0.02114870, 0.02116172] 	 [-0.02164516, 0.02165984] 	 [-0.02219759, 0.02218163] 	 [0.98412377, 1.00636510] 	 [0.95796779, 0.98033411] 	 [31.00869117, 31.03119775] 	 [-0.72484655, -0.70213938] 	  	B[-9.4660, -9.4327] 
[-0.02116275, 0.02117504] 	 [-0.02165949, 0.02167352] 	 [-0.02219597, 0.02221195] 	 [0.19164056, 0.21389628] 	 [0.98287037, 1.00525116] 	 [0.95698885, 0.97950999] 	 [31.10340942, 31.12613128] 	  	B[-2.3407, -2.3073] 

30.9621 , 30.9847
[0.99935679, 1.00064362] 	 [-0.02418316, -0.02352439] 	 [-0.02636589, -0.02570572] 	 [-0.00164510, -0.00100083] 	 [0.02723350, 0.02789465] 	 [0.03373382, 0.03439915] 	 [0.01188055, 0.01253182] 	  	B[0.0011, 0.0017] 
[-0.00066272, 0.00066229] 	 [0.99932215, 1.00067831] 	 [-0.02339101, -0.02269586] 	 [-0.02631159, -0.02563082] 	 [-0.00249691, -0.00181491] 	 [0.02615584, 0.02685865] 	 [0.03331842, 0.03401162] 	  	B[0.2708, 0.2716] 
[-0.00068604, 0.00068562] 	 [-0.00070219, 0.00070172] 	 [0.99928089, 1.00071962] 	 [-0.02338034, -0.02265930] 	 [-0.02724499, -0.02651990] 	 [-0.00361980, -0.00289016] 	 [0.02577184, 0.02650798] 	  	B[0.2831, 0.2842] 
[-0.00069485, 0.00069446] 	 [-0.00071121, 0.00071076] 	 [-0.00072888, 0.00072836] 	 [0.99927021, 1.00073032] 	 [-0.02361560, -0.02286447] 	 [-0.02754018, -0.02678159] 	 [-0.00371985, -0.00297207] 	  	B[0.0258, 0.0269] 
[-0.02194449, 0.02195854] 	 [-0.02247420, 0.02246084] 	 [-0.02303262, 0.02301708] 	 [-0.02307853, 0.02306168] 	 [30.96018655, 30.98392244] 	 [-0.70747333, -0.68350150] 	 [-0.84351365, -0.81988316] 	  	B[-7.9832, -7.9480] 
[-0.02184758, 0.02186099] 	 [-0.02236044, 0.02237558] 	 [-0.02293058, 0.02291515] 	 [-0.02297630, 0.02295954] 	 [0.98046926, 1.00410002] 	 [31.03504757, 31.05891322] 	 [-0.72192167, -0.69839585] 	  	B[-9.4931, -9.4580] 
[-0.02131129, 0.02132366] 	 [-0.02181152, 0.02182565] 	 [-0.02235177, 0.02236785] 	 [-0.02241194, 0.02239558] 	 [0.98725213, 1.01030245] 	 [0.96212129, 0.98540073] 	 [31.10397899, 31.12692694] 	  	B[-2.3464, -2.3123] 

30.9602 , 30.9839
[0.99935679, 1.00064362] 	 [-0.02418316, -0.02352439] 	 [-0.02636589, -0.02570572] 	 [-0.00164510, -0.00100083] 	 [0.02723350, 0.02789465] 	 [0.03373382, 0.03439915] 	 [0.01188055, 0.01253182] 	  	B[0.0011, 0.0017] 
[-0.00066272, 0.00066229] 	 [0.99932215, 1.00067831] 	 [-0.02339101, -0.02269586] 	 [-0.02631159, -0.02563082] 	 [-0.00249691, -0.00181491] 	 [0.02615584, 0.02685865] 	 [0.03331842, 0.03401162] 	  	B[0.2708, 0.2716] 
[-0.00068604, 0.00068562] 	 [-0.00070219, 0.00070172] 	 [0.99928089, 1.00071962] 	 [-0.02338034, -0.02265930] 	 [-0.02724499, -0.02651990] 	 [-0.00361980, -0.00289016] 	 [0.02577184, 0.02650798] 	  	B[0.2831, 0.2842] 
[-0.00069485, 0.00069446] 	 [-0.00071121, 0.00071076] 	 [-0.00072888, 0.00072836] 	 [0.99927021, 1.00073032] 	 [-0.02361560, -0.02286447] 	 [-0.02754018, -0.02678159] 	 [-0.00371985, -0.00297207] 	  	B[0.0258, 0.0269] 
[-0.00070880, 0.00070925] 	 [-0.00072591, 0.00072548] 	 [-0.00074394, 0.00074344] 	 [-0.00074543, 0.00074488] 	 [0.99923393, 1.00076666] 	 [-0.02285107, -0.02205988] 	 [-0.02724511, -0.02646157] 	  	B[-0.2579, -0.2565] 
[-0.02255974, 0.02257270] 	 [-0.02308889, 0.02310446] 	 [-0.02367707, 0.02366214] 	 [-0.02372424, 0.02370802] 	 [-0.02440056, 0.02438187] 	 [31.05667660, 31.08185798] 	 [-0.69597692, -0.67103903] 	  	B[-9.2416, -9.1991] 
[-0.02202785, 0.02203976] 	 [-0.02254447, 0.02255903] 	 [-0.02310287, 0.02311946] 	 [-0.02316449, 0.02314869] 	 [-0.02382487, 0.02380662] 	 [0.98389995, 1.00848722] 	 [31.13010323, 31.15445274] 	  	B[-2.0932, -2.0518] 

31.0567 , 31.0819
[0.99935679, 1.00064362] 	 [-0.02418316, -0.02352439] 	 [-0.02636589, -0.02570572] 	 [-0.00164510, -0.00100083] 	 [0.02723350, 0.02789465] 	 [0.03373382, 0.03439915] 	 [0.01188055, 0.01253182] 	  	B[0.0011, 0.0017] 
[-0.00066272, 0.00066229] 	 [0.99932215, 1.00067831] 	 [-0.02339101, -0.02269586] 	 [-0.02631159, -0.02563082] 	 [-0.00249691, -0.00181491] 	 [0.02615584, 0.02685865] 	 [0.03331842, 0.03401162] 	  	B[0.2708, 0.2716] 
[-0.00068604, 0.00068562] 	 [-0.00070219, 0.00070172] 	 [0.99928089, 1.00071962] 	 [-0.02338034, -0.02265930] 	 [-0.02724499, -0.02651990] 	 [-0.00361980, -0.00289016] 	 [0.02577184, 0.02650798] 	  	B[0.2831, 0.2842] 
[-0.00069485, 0.00069446] 	 [-0.00071121, 0.00071076] 	 [-0.00072888, 0.00072836] 	 [0.99927021, 1.00073032] 	 [-0.02361560, -0.02286447] 	 [-0.02754018, -0.02678159] 	 [-0.00371985, -0.00297207] 	  	B[0.0258, 0.0269] 
[-0.00070880, 0.00070925] 	 [-0.00072591, 0.00072548] 	 [-0.00074394, 0.00074344] 	 [-0.00074543, 0.00074488] 	 [0.99923393, 1.00076666] 	 [-0.02285107, -0.02205988] 	 [-0.02724511, -0.02646157] 	  	B[-0.2579, -0.2565] 
[-0.00072641, 0.00072682] 	 [-0.00074344, 0.00074394] 	 [-0.00076238, 0.00076190] 	 [-0.00076390, 0.00076338] 	 [-0.00078568, 0.00078508] 	 [0.99918984, 1.00081082] 	 [-0.02240990, -0.02158941] 	  	B[-0.2976, -0.2960] 
[-0.02276084, 0.02277233] 	 [-0.02329472, 0.02330878] 	 [-0.02387124, 0.02388831] 	 [-0.02393435, 0.02391907] 	 [-0.02461661, 0.02459897] 	 [-0.02540497, 0.02538439] 	 [31.15134505, 31.17705284] 	  	B[-1.8020, -1.7517] 

31.1513 , 31.1771
[0.99935679, 1.00064362] 	 [-0.02418316, -0.02352439] 	 [-0.02636589, -0.02570572] 	 [-0.00164510, -0.00100083] 	 [0.02723350, 0.02789465] 	 [0.03373382, 0.03439915] 	 [0.01188055, 0.01253182] 	  	B[0.0011, 0.0017] 
[-0.00066272, 0.00066229] 	 [0.99932215, 1.00067831] 	 [-0.02339101, -0.02269586] 	 [-0.02631159, -0.02563082] 	 [-0.00249691, -0.00181491] 	 [0.02615584, 0.02685865] 	 [0.03331842, 0.03401162] 	  	B[0.2708, 0.2716] 
[-0.00068604, 0.00068562] 	 [-0.00070219, 0.00070172] 	 [0.99928089, 1.00071962] 	 [-0.02338034, -0.02265930] 	 [-0.02724499, -0.02651990] 	 [-0.00361980, -0.00289016] 	 [0.02577184, 0.02650798] 	  	B[0.2831, 0.2842] 
[-0.00069485, 0.00069446] 	 [-0.00071121, 0.00071076] 	 [-0.00072888, 0.00072836] 	 [0.99927021, 1.00073032] 	 [-0.02361560, -0.02286447] 	 [-0.02754018, -0.02678159] 	 [-0.00371985, -0.00297207] 	  	B[0.0258, 0.0269] 
[-0.00070880, 0.00070925] 	 [-0.00072591, 0.00072548] 	 [-0.00074394, 0.00074344] 	 [-0.00074543, 0.00074488] 	 [0.99923393, 1.00076666] 	 [-0.02285107, -0.02205988] 	 [-0.02724511, -0.02646157] 	  	B[-0.2579, -0.2565] 
[-0.00072641, 0.00072682] 	 [-0.00074344, 0.00074394] 	 [-0.00076238, 0.00076190] 	 [-0.00076390, 0.00076338] 	 [-0.00078568, 0.00078508] 	 [0.99918984, 1.00081082] 	 [-0.02240990, -0.02158941] 	  	B[-0.2976, -0.2960] 
[-0.00073065, 0.00073102] 	 [-0.00074779, 0.00074824] 	 [-0.00076630, 0.00076685] 	 [-0.00076832, 0.00076783] 	 [-0.00079023, 0.00078966] 	 [-0.00081553, 0.00081487] 	 [0.99917543, 1.00082525] 	  	B[-0.0578, -0.0562] 

[0.99935679, 1.00064362] 	 [-0.02418316, -0.02352439] 	 [-0.02636589, -0.02570572] 	 [-0.00164510, -0.00100083] 	 [0.02723350, 0.02789465] 	 [0.03373382, 0.03439915] 	 [0.01188055, 0.01253182] 	  	B[0.0011, 0.0017] 
[-0.00066272, 0.00066229] 	 [0.99932215, 1.00067831] 	 [-0.02339101, -0.02269586] 	 [-0.02631159, -0.02563082] 	 [-0.00249691, -0.00181491] 	 [0.02615584, 0.02685865] 	 [0.03331842, 0.03401162] 	  	B[0.2708, 0.2716] 
[-0.00068604, 0.00068562] 	 [-0.00070219, 0.00070172] 	 [0.99928089, 1.00071962] 	 [-0.02338034, -0.02265930] 	 [-0.02724499, -0.02651990] 	 [-0.00361980, -0.00289016] 	 [0.02577184, 0.02650798] 	  	B[0.2831, 0.2842] 
[-0.00069485, 0.00069446] 	 [-0.00071121, 0.00071076] 	 [-0.00072888, 0.00072836] 	 [0.99927021, 1.00073032] 	 [-0.02361560, -0.02286447] 	 [-0.02754018, -0.02678159] 	 [-0.00371985, -0.00297207] 	  	B[0.0258, 0.0269] 
[-0.00070880, 0.00070925] 	 [-0.00072591, 0.00072548] 	 [-0.00074394, 0.00074344] 	 [-0.00074543, 0.00074488] 	 [0.99923393, 1.00076666] 	 [-0.02285107, -0.02205988] 	 [-0.02724511, -0.02646157] 	  	B[-0.2579, -0.2565] 
[-0.00072641, 0.00072682] 	 [-0.00074344, 0.00074394] 	 [-0.00076238, 0.00076190] 	 [-0.00076390, 0.00076338] 	 [-0.00078568, 0.00078508] 	 [0.99918984, 1.00081082] 	 [-0.02240990, -0.02158941] 	  	B[-0.2976, -0.2960] 
[-0.00073065, 0.00073102] 	 [-0.00074779, 0.00074824] 	 [-0.00076630, 0.00076685] 	 [-0.00076832, 0.00076783] 	 [-0.00079023, 0.00078966] 	 [-0.00081553, 0.00081487] 	 [0.99917543, 1.00082525] 	  	B[-0.0578, -0.0562] 

X[0.0328521461, 0.0344973525]	 r[-0.051156, 0.051123] 
X[0.2862909559, 0.2879553184]	 r[-0.051907, 0.051869] 
X[0.2764811866, 0.2781553361]	 r[-0.051951, 0.051914] 
X[0.0110639889, 0.0127363363]	 r[-0.051353, 0.051319] 
X[-0.2662577197, -0.2645615837]	 r[-0.052172, 0.052198] 
X[-0.2988673890, -0.2971778971]	 r[-0.052164, 0.052200] 
X[-0.0578463481, -0.0561844932]	 r[-0.051361, 0.051405] 
